ITERATION	avg. EXECUTED	avg. WORST	avg. AVG	avg. BEST
0	7.837752164406603	7.837752164406603	7.837752164406603	7.837752164406603
1	6.614593488379222	6.560399606230599	7.339178895740468	8.117958185250355
2	6.396665690049897	5.062516598647528	6.71982594145085	8.201429733899358
3	6.38807506621902	3.7508462779814296	6.2474587841037685	8.24957661217817
4	6.400675677560815	2.6326399528277693	5.864023148861527	8.275097767903404
5	6.342148996007913	1.6192328474674775	5.56546403444027	8.295672736942832
6	6.175990029762587	0.7988582900564734	5.329217931222825	8.311156981518783
7	6.133545929043016	0.07300425819804765	5.133509995797016	8.322983134507583
8	6.230716443841498	-0.3227575411479102	5.062056389804436	8.332271115935525
9	6.277702272174416	-0.5292790935452022	5.072434815733542	8.341005324689334
10	6.168252650678864	-0.5493929461138294	5.135550850379249	8.349733068812379
11	6.039309213894993	-0.3034458533761877	5.240721393579363	8.35670093910185
12	6.277591500985775	0.07565260078121669	5.430665379023944	8.362649663103369
13	6.241044214326166	0.4980285624040867	5.613149362572949	8.368097326844403
14	6.126361029995801	0.8549968306481046	5.781555421754061	8.372335810822321
15	6.357729147621366	1.491978029206051	6.012995763617804	8.376464359700801
16	6.284805861012616	1.9013676252993637	6.194696050514555	8.381193101637237
17	6.28263086446707	2.3069357854991748	6.375485130728516	8.386774896562663
18	6.253725214219726	2.866107514540353	6.558120494205536	8.391461177687704
19	6.224591054132837	3.131106391192491	6.702307889348668	8.394949130065482
20	6.39906037483451	3.6400976957408537	6.877948235648133	8.400847972107304
21	6.4312758758295985	4.009642318408785	7.015681555936341	8.405684976684308
22	6.378628581837371	4.268746207966033	7.128251781556085	8.41025110819248
23	6.414705716752147	4.581340179955746	7.241905353424497	8.413968339023642
24	6.398683566916293	4.797846815393609	7.330134635035174	8.417796750429991
25	6.486311821194848	5.085754747446893	7.4274249431025225	8.421638566860917
26	6.4171142806195745	5.228004859555078	7.48699495168301	8.425384880576628
27	6.543559516707257	5.456772285873088	7.569278827214977	8.429043025731472
28	6.573056013874452	5.6265473833762645	7.631635736102556	8.432337737009803
29	6.504513587916813	5.6730143430447315	7.6666625367629795	8.435373115968453
30	6.606698237598379	5.858233266945822	7.724632493744634	8.439001198229915
31	6.6129884584290295	5.957992754294696	7.758729940733888	8.441953350277519
32	6.558925115697102	5.967008125659363	7.776812616140096	8.44461141812431
33	6.575247997222366	6.054531212691804	7.804270702510361	8.445537129281032
34	6.588016983367516	6.084190613492957	7.826808911073305	8.449656270848255
35	6.688454794152983	6.246429410933478	7.8673943210985025	8.452254139666943
36	6.619511983118198	6.210121627023275	7.87394864722959	8.454897612852596
37	6.513362140631763	6.146757795206712	7.873119412528877	8.457742926600625
38	6.658338785031842	6.318881645524231	7.911697649085636	8.457822182218338
39	6.667788047484769	6.35359471608744	7.924864340865209	8.45880559717996
40	6.611308048236889	6.299311551305885	7.926368073844062	8.461857331708428
41	6.56019749685753	6.283336202398939	7.931031925985362	8.463659022324777
42	6.668730038154016	6.409665578016335	7.959566541112478	8.465306130779183
43	6.560966028985288	6.308083273574451	7.949505600956501	8.466595633841427
44	6.670472890801588	6.444232054730848	7.977119443116282	8.467708263581393
45	6.640785387470636	6.431383545417927	7.978826563954722	8.466688403862564
46	6.770606338024631	6.562977225644484	8.005180373537598	8.46696845467544
47	6.699110923570204	6.5087801804898975	7.998001648194658	8.464724281851673
48	6.681271246261697	6.493826866796427	7.99741883770735	8.462954482824724
49	6.713325553344176	6.526690948466949	8.005850798328211	8.461971951896608
50	6.722611681310519	6.546021458679911	8.01163022807481	8.460654522405818
51	6.586281123101132	6.414788678785302	7.991846491302982	8.460059010454835
52	6.5910361160581346	6.42472554348965	7.995603106909997	8.459178665871907
53	6.581254812163008	6.42311945809886	7.997499337884575	8.45873449629954
54	6.609881605559766	6.460695135827366	8.005057824488015	8.456925931852364
55	6.632214380465186	6.479551833394278	8.009732285688656	8.455569017461425
56	6.713466796806219	6.57552088802061	8.025986897519418	8.453192432963188
57	6.751240184472359	6.608510287843481	8.031983356511661	8.451126939215639
58	6.6900119340787665	6.552174930032452	8.022830798985982	8.449231543146364
59	6.696435042880121	6.553109998983298	8.024911887295735	8.449159121141905
60	6.607493852719387	6.478759473129719	8.012668403985904	8.447329551944415
61	6.681605011317743	6.559171481521349	8.02702370822722	8.445871263969963
62	6.645041245415953	6.521352988846229	8.021137558908395	8.444113437345456
63	6.717028684941931	6.605781039858904	8.03417488115921	8.44170935880072
64	6.714295199747206	6.597596100861917	8.033050077574154	8.439732907808516
65	6.632811810791544	6.516020673204995	8.019922962304957	8.437964346113592
66	6.667418002816314	6.563813995876474	8.026302908695834	8.435668031500072
67	6.741932043634954	6.634283014902081	8.037477342863415	8.433460923489221
68	6.55914452560932	6.459819733941792	8.006452678805257	8.430208227804739
69	6.698191474244069	6.588339345155734	8.028930350811144	8.42921719518534
70	6.66794172572316	6.563154653057808	8.025198673237213	8.428130104053185
71	6.571911148325575	6.471319442117122	8.009840161579067	8.426191235750272
72	6.712299432128622	6.620000995703708	8.032615955548946	8.423619166060078
73	6.703379307687681	6.608676038486567	8.029569051358163	8.42129484547626
74	6.526409537071689	6.433083528196396	7.9997626052378354	8.420084566328166
75	6.604156088877575	6.5231789836282745	8.011484732294235	8.41627731772885
76	6.610251636165618	6.512853164158838	8.00949853401708	8.414939739032729
77	6.7203840282849425	6.6393052492923275	8.02797095082544	8.411507400799001
78	6.697987598819745	6.606978042232058	8.021660692303328	8.410073626479265
79	6.608035660724324	6.521713856252977	8.005933250244288	8.406799962173226
80	6.617226865544657	6.528071007521543	8.006087610453013	8.404784497161296
81	7.660467063908774	7.6306567562778325	8.157446775973948	8.390627553990914
82	7.681971095998373	7.497146990893761	8.044596658410896	8.374927317728911
83	7.702071227206609	7.425899904001376	7.946166647160861	8.352821662295195
84	7.703942899040554	7.38143705482196	7.863234867419645	8.326666189747817
85	7.70239053182962	7.346103927097746	7.788488104159794	8.22806423077042
86	7.711508813915821	7.320338460561047	7.740901926865434	8.149811007454238
87	7.751723392690723	7.310877769637118	7.71667193363783	8.096027155613857
88	7.757789124022701	7.3032858055856025	7.697987196752768	8.056734024667746
89	7.737703060974859	7.292989405903298	7.6810931661415385	8.033633205246362
90	7.76617403094393	7.289391019638354	7.674939541109504	8.023626837724912
91	7.749860486561936	7.285136895158247	7.668558600775297	8.012458432924639
92	7.743174090960174	7.281427581796816	7.663313360874958	8.005356902863781
93	7.7458173828520795	7.278469935081325	7.658686514078215	7.996965288152292
94	7.7559552031353025	7.27879925027504	7.658052929908264	7.995259145774446
95	7.753536485471505	7.275873690582827	7.657878502371106	7.9958944451922624
96	7.73670891588539	7.269558520277035	7.652854675728848	7.991813734158277
97	7.754200684278197	7.268800953786949	7.651002059640506	7.987918627925208
98	7.749976699063859	7.266684241626677	7.649215948126071	7.986193735402336
99	7.772594452735254	7.269376663497311	7.652333153508339	7.9907131958263005
100	7.752298806156069	7.269988247753465	7.651787253588616	7.9869128637089775
